,Posts,Channel,Views_03/03,Views_03/12,view_delta
0,"#Evangadi #EthiopiaMusic #Elsabet  Elsabet Teshome - በሰንሰል፡ልከበብ New Music Video 2021(Official Video) by Evangadi Production 10 months ago 6 minutes, 6 seconds 1,914 views",Evangadi Production,1914,1932,18
1,"#NEWAYDEBEBE #EVANGADI Neway Debebe Hagerane Aleresam Ethiopian Music 2021 by Evangadi Production 1 year ago 5 minutes, 5 seconds 553 views",Evangadi Production,553,554,1
2,"#Evangadi #Menzuma #MuhammedAwol Muhammed Awol New Ethiopian Menzuma 2020 by Evangadi Production 1 year ago 23 minutes 7,821 views",Evangadi Production,7821,7847,26
3,"#Evangadi #Ethiopia  ማረን፡የህብር፡ዜማ #2 (በሙዚቀኛ፡ዘሪሁን፡ማርቆስ) New Ethiopian Music 2020 by Evangadi Production 1 year ago 6 minutes, 46 seconds 1,904 views",Evangadi Production,1904,1908,4
4,"#Evangadiproduction Yared Belay ‐ Sewedese | ስወድሽ ‐ New Ethiopian Music 2020 (Official Video) by Evangadi Production 2 years ago 5 minutes, 41 seconds 7,856 views",Evangadi Production,7856,7885,29
5,"ሰማኸኝ፣በለው ❨ያኮራናል❩ Rocking Music Revolution Addis Night club by Evangadi Production 2 years ago 2 minutes, 5 seconds 856 views",Evangadi Production,856,861,5
6,"#Ethiopia #Evangadi Doctor Artist Tilahun Gessese Last Show in Washington Dc by Evangadi Production 2 years ago 7 minutes, 2 seconds 783 views",Evangadi Production,783,787,4
7,"#Evangadi #Ethiopian Abinet Girma ትንቩ ጥላሁን አብነት ግርማ by Evangadi Production 2 years ago 4 minutes, 2 seconds 6,886 views",Evangadi Production,6886,6907,21
8,"#evangadi #Ethiopia #DawitMeleseDawit Melese Performing Live ላልጠላሸ ቃል አለኘ Revolution Night club by Evangadi Production 2 years ago 2 minutes, 55 seconds 2,609 views",Evangadi Production,2609,2658,49
9,"#Evangadi Elias Tebabel For the First time Performing  Live at club Music Revolution  ማማዬ ኤልያስ ተባበል by Evangadi Production 2 years ago 7 minutes, 36 seconds 4,316 views",Evangadi Production,4316,4322,6
10,"#Evangadi  #Ethiopianidol #Revo Ethiopian Idol Winners Dawit Tsiga And Essayas Tamerat በአንድ፡ላይ ፡አዜሙ by Evangadi Production 2 years ago 3 minutes, 45 seconds 56,494 views",Evangadi Production,56494,56619,125
11,"#Evangadi #Ethiopiamusic #MusicRevolution Temesgen Tafesse Rock Revolution Night club ከፍ፡ከፍ 2019 by Evangadi Production 2 years ago 3 minutes, 55 seconds 1,737 views",Evangadi Production,1737,1748,11
12,"#Evangadi #Ethiopia #Revolution Getachew kassa የከረመ፡ፍቅር 2019 Rock Addis Ababa by Evangadi Production 2 years ago 3 minutes, 24 seconds 3,795 views",Evangadi Production,3795,3802,7
13,"#Evangadi #Ethiopia #Revolution ነዋይ ደበበ - ማበልነው እና አገሬን አልረሳም  Rock Revolution Night Club by Evangadi Production 2 years ago 7 minutes, 14 seconds 1,583 views",Evangadi Production,1583,1586,3
14,"#Evangadi  #Ethiopiamusic #Revolution ፍቅርሽ ነው የጎዳኝ Debekulu Jano Band Surprise Appearance Last Night by Evangadi Production 2 years ago 1 minute, 27 seconds 506 views",Evangadi Production,506,509,3
15,"#Evangadi #Ethiopia #Revolution Fikeraddis Nekatebe Rock Addis Ababa by Evangadi Production 2 years ago 4 minutes, 32 seconds 5,264 views",Evangadi Production,5264,5333,69
16,"#Evangadi #Ethiopia #Revolution Eferem Amare Live Performance Addis Ababa Ethiopia by Evangadi Production 2 years ago 2 minutes, 47 seconds 1,499 views",Evangadi Production,1499,1502,3
17,"#Evangadi #Ethiopia #Revolution Temesgen Tafesse Rock Addis Ababa by Evangadi Production 2 years ago 2 minutes, 40 seconds 1,047 views",Evangadi Production,1047,1049,2
18,"#EVANGADI #ETHIOPIA #REVOLUTION Shewandan Hailu Rock Addis Ababa by Evangadi Production 2 years ago 2 minutes, 13 seconds 2,294 views",Evangadi Production,2294,2303,9
19,"#Evangadi #MusicRevolution #Ethiopia Mohamud Ahemed Rock Addis Ababa by Evangadi Production 2 years ago 2 minutes, 29 seconds 654 views",Evangadi Production,654,655,1
20,"#Revolution #Evangadi  #Ethiopia Ephrem Amare Rack Revolution Addis by Evangadi Production 2 years ago 4 minutes, 3 seconds 2,862 views",Evangadi Production,2862,2868,6
21,"#Evangadi #Ethiopia #wendimujira Wendemu Jira - Beal ወንድሙ፡ጅራ በአሌ New Ethiopian Music 2019 by Evangadi Production 3 years ago 4 minutes, 40 seconds 3,230 views",Evangadi Production,3230,3233,3
22,"Surrender Night Club Every Tuesday With  Zagol Band by Evangadi Production 3 years ago 1 minute, 6 seconds 437 views",Evangadi Production,437,437,0
23,"Mesfin Abebe Yetazebese Leba መስፍን አበበ Ethiopian Music by Evangadi Production 3 years ago 5 minutes, 7 seconds 3,407 views",Evangadi Production,3407,3466,59
24,"Mesfin Abebe Yaselene Ketero መስፍን አበበ Ethiopian Music by Evangadi Production 3 years ago 6 minutes, 57 seconds 1,613 views",Evangadi Production,1613,1627,14
25,"Mesfin Abebe Yecegere Neger መስፍን አበበ Ethiopian Music by Evangadi Production 3 years ago 5 minutes, 37 seconds 7,155 views",Evangadi Production,7155,7266,111
26,"Mesfin Abebe Yalakema Wedeja መስፍን አበበ Ethiopian Music by Evangadi Production 3 years ago 8 minutes, 24 seconds 6,916 views",Evangadi Production,6916,6937,21
27,"Mesfin Abebe Webe Abeba Mesaye መስፍን አበበ Ethiopian Music by Evangadi Production 3 years ago 5 minutes, 48 seconds 7,075 views",Evangadi Production,7075,7121,46
28,"Mesfin Abebe Wededena Mote መስፍን አበበ Ethiopian Music by Evangadi Production 3 years ago 3 minutes, 51 seconds 4,082 views",Evangadi Production,4082,4101,19
29,"Mesfin Abebe Heyweta Fekera መስፍን አበበ Ethiopian Music by Evangadi Production 3 years ago 7 minutes, 57 seconds 11,453 views",Evangadi Production,11453,11520,67
30,"Mesfin Abebe Setamabese Nora መስፍን አበበ Ethiopian Music by Evangadi Production 3 years ago 5 minutes, 34 seconds 13,745 views",Evangadi Production,13745,13821,76
31,"Mesfin Abebe Heyweta Fekera መስፍን አበበ Ethiopian Music by Evangadi Production 3 years ago 3 minutes, 55 seconds 2,587 views",Evangadi Production,2587,2597,10
32,"Mesfin Abebe Feker Endewaza መስፍን አበበ Ethiopian Music by Evangadi Production 3 years ago 4 minutes, 50 seconds 1,740 views",Evangadi Production,1740,1750,10
33,"Mesfin Abebe  Anchi Lij መስፍን አበበ Ethiopian Music by Evangadi Production 3 years ago 4 minutes, 34 seconds 2,026 views",Evangadi Production,2026,2035,9
34,"Mesfin Abebe Fiket Becelema መስፍን አበበ Ethiopian Music by Evangadi Production 3 years ago 5 minutes, 27 seconds 2,517 views",Evangadi Production,2517,2538,21
35,"Mesfin Abebe Beat Sereta Beleba መስፍን አበበ Ethiopian Music by Evangadi Production 3 years ago 7 minutes, 50 seconds 1,637 views",Evangadi Production,1637,1655,18
36,"Mesfin Abebe Bemalawekew Hager መስፍን አበበ Ethiopian Music by Evangadi Production 3 years ago 6 minutes, 40 seconds 4,023 views",Evangadi Production,4023,4049,26
37,"Mihret Mesfin (Merci) Ere Menew Feat.Hahu Beatz Ethiopian Music (Official Video) by Evangadi Production 3 years ago 4 minutes, 30 seconds 3,289 views",Evangadi Production,3289,3314,25
38,"Daniel Tilahun Gessesse (Lenate) New Ethiopian Music 2018 (Official Video) by Evangadi Production 3 years ago 4 minutes, 48 seconds 8,667 views",Evangadi Production,8667,8680,13
39,"Falmata Ashabir Feetu of Ajeesi New Ethiopian Oromo Music 2018 by Evangadi Production 4 years ago 4 minutes, 30 seconds 3,379 views",Evangadi Production,3379,3396,17
40,"Ethiopia - Dawit Alemayehu - Weynua - (Official Video) - ETHIOPIAN NEW MUSIC 2018 by Evangadi Production 4 years ago 4 minutes, 11 seconds 6,239 views",Evangadi Production,6239,6253,14
41,"KASSAHUN ESHETU- Wedejase Ekonew Ethioian Music (Official Video) by Evangadi Production 4 years ago 21 minutes 3,632 views",Evangadi Production,3632,3653,21
42,"ABEL RASTA ALMAZ አቤል ራስታ NEW ETHIOPIAN MUSIC 2017 (Ofical lVideo) by Evangadi Production 4 years ago 4 minutes, 30 seconds 2,277 views",Evangadi Production,2277,2292,15
43,"Abebe Kefena - Beekeen New Ethiopian Music 2017 (Official Video) by Evangadi Production 4 years ago 4 minutes, 39 seconds 585 views",Evangadi Production,585,587,2
44,"Ellias Hussen (Ella Man) - Tiblaw Biren New Ethiopian Music (Official Video) by Evangadi Production 4 years ago 4 minutes, 46 seconds 56,434 views",Evangadi Production,56434,57623,1189
45,"Betelhem Mekonnen - Yet New Ethiopian Music (Official Video) by Evangadi Production 4 years ago 4 minutes, 26 seconds 181,070 views",Evangadi Production,181070,181777,707
46,"Saron Teferi & Muda Shede Miso Negaya - Part 2 - Ethiopian Music (Official Video) by Evangadi Production 4 years ago 5 minutes 104,911 views",Evangadi Production,104911,106045,1134
47,"Yalemsera Babey-Hibelew New Ethiopian Music 2017 (Official Video) by Evangadi Production 4 years ago 5 minutes, 9 seconds 1,353 views",Evangadi Production,1353,1353,0
48,"Temesgen Gebregziabher-Embi Alelesem (Offical Video)Ethiopian Music by Evangadi Production 4 years ago 4 minutes, 21 seconds 128,948 views",Evangadi Production,128948,130007,1059
49,"Nigusu Tamirat-Haadhakko (Offical Video) Ethiopian Music by Evangadi Production 4 years ago 7 minutes, 33 seconds 20,209 views",Evangadi Production,20209,20274,65
50,"Dawit Nega - Wesida Mizan(ወሲዳ ሚዛን) Cultural Ethiopian Music 2017 ዳዊት ነጋ (Official Video) by Evangadi Production 4 years ago 7 minutes, 7 seconds 12,163 views",Evangadi Production,12163,12169,6
51,"Yiirdaw Tenaw - Yegeter Temer Ethiopian Music(Official Video) by Evangadi Production 4 years ago 4 minutes, 6 seconds 3,672 views",Evangadi Production,3672,3693,21
52,"Yarad Belay - Dumbusho New Ethiopian music 2017(Official Video) by Evangadi Production 4 years ago 5 minutes, 15 seconds 1,547 views",Evangadi Production,1547,1554,7
53,"Nati Haile - Kene saymese Ethiopian Music(Official Video) by Evangadi Production 4 years ago 5 minutes, 4 seconds 9,793 views",Evangadi Production,9793,9828,35
54,"Bitsat Seyoum - Enisebaseb Ethiopian Music (Official video) by Evangadi Production 4 years ago 7 minutes, 22 seconds 58,846 views",Evangadi Production,58846,59317,471
55,"Alemayehu Hirpo - Temecesewey Ethiopian Music(Official video) by Evangadi Production 4 years ago 5 minutes, 1 second 120,389 views",Evangadi Production,120389,122653,2264
56,"Abraham Gebremedhin - Tedebise Ethiopian Music(Official video) by Evangadi Production 4 years ago 5 minutes, 1 second 6,364 views",Evangadi Production,6364,6370,6
57,"Yared Belay -Yhem Aydel Ehiopian music 2017 by Evangadi Production 4 years ago 5 minutes, 9 seconds 931 views",Evangadi Production,931,935,4
58,"Almaze -Abel Rasta Ethiopia Music 2017 by Evangadi Production 4 years ago 4 minutes, 30 seconds 1,678 views",Evangadi Production,1678,1682,4
59,"Tilahun Gessesse -Ethiopia by Evangadi Production 4 years ago 7 minutes, 5 seconds 8,986 views",Evangadi Production,8986,9017,31
60,"Nigusu Tamirat-Yaniko (Offical Video) by Evangadi Production 4 years ago 5 minutes, 12 seconds 53,108 views",Evangadi Production,53108,53297,189
61,"Daniel Tilahun Gessesse - Ethiopaian Atenku(Official Video)2017 by Evangadi Production 4 years ago 4 minutes, 28 seconds 38,818 views",Evangadi Production,38818,38895,77
62,"Muluken Dawit - Gojam (official Audio) New Ethiopian Music 2017 by Evangadi Production 4 years ago 5 minutes, 1 second 6,712 views",Evangadi Production,6712,6718,6
63,"Bezuayehu Demise - Bati(Official Video) Ethiopian Music by Evangadi Production 4 years ago 6 minutes, 9 seconds 7,692 views",Evangadi Production,7692,7751,59
64,"Rase Jany - Jedime New Ethiopian Music 2017(Official Video) by Evangadi Production 4 years ago 4 minutes, 23 seconds 948 views",Evangadi Production,948,949,1
65,"Tsedenia G/Markose - Konjo Mesay(Official Video)Ethiopian Music by Evangadi Production 4 years ago 5 minutes, 42 seconds 1,547 views",Evangadi Production,1547,1549,2
66,"Muhammed Awol Ethiopian Menzuma ,እንጉርጉሮ, Mote, ( ENGURGURO ) 1 by Evangadi Production 4 years ago 27 minutes 184,706 views",Evangadi Production,184706,184884,178
67,"Muhammed Awol Ethiopian Menzuma ,እንጉርጉሮ, khedija, ( ENGURGURO)2 by Evangadi Production 4 years ago 29 minutes 14,432 views",Evangadi Production,14432,14476,44
68,"Mahmoud Ahmed The Legend (Documentary) Ethiopia Music 2017 by Evangadi Production 4 years ago 26 minutes 7,995 views",Evangadi Production,7995,8026,31
69,"Yenegestat Tarik (Ethiopian history) by Evangadi Production 4 years ago 55 minutes 235,606 views",Evangadi Production,235606,236576,970
70,"Abinet Agonafer - Ateregemat Ethiopian Music by Evangadi Production 5 years ago 5 minutes, 42 seconds 8,564 views",Evangadi Production,8564,8601,37
71,"Nigusu Tamirat ( Official Video) Ethiopian Music by Evangadi Production 5 years ago 6 minutes, 21 seconds 2,765 views",Evangadi Production,2765,2774,9
72,"Dangerous Crossing-Dawit Nega, Tadele Roba, Yeshi Demelash New Ethiopian Music  2017 by Evangadi Production 5 years ago 5 minutes, 25 seconds 9,659 views",Evangadi Production,9659,9661,2
73,"Nigusu Tamirat (Official Video) Ethiopian Music by Evangadi Production 5 years ago 6 minutes, 19 seconds 4,741 views",Evangadi Production,4741,4751,10
74,"Nigusu Tamirat Jaalala Dhugaa
(Official Video) Ethiopian Music by Evangadi Production 5 years ago 7 minutes, 21 seconds 700,662 views",Evangadi Production,700662,704459,3797
75,"Antene Worqu Tegereda (official audio) Ethiopian Music by Evangadi Production 5 years ago 6 minutes, 6 seconds 1,905 views",Evangadi Production,1905,1944,39
76,"Antene Worqu Yegeremal(official audio) Ethiopian Music by Evangadi Production 5 years ago 5 minutes, 27 seconds 6,805 views",Evangadi Production,6805,6843,38
77,"Antena Worqu Yeheweta Tesfa(official audio) Ethiopian Music by Evangadi Production 5 years ago 3 minutes, 12 seconds 2,898 views",Evangadi Production,2898,2954,56
78,"Antene Worqu Yehoden Awteca(official audio) Ethiopian Music by Evangadi Production 5 years ago 5 minutes, 39 seconds 2,418 views",Evangadi Production,2418,2437,19
79,"Antene Worqu Feker Kena Endayeleyen(offical  audio) Ethiopian Music by Evangadi Production 5 years ago 4 minutes, 8 seconds 2,734 views",Evangadi Production,2734,2790,56
80,"Antene Worqu Anchi Endemtwjine( official audio) Ethiopian Music by Evangadi Production 5 years ago 4 minutes, 3 seconds 5,934 views",Evangadi Production,5934,6135,201
81,"SamiDan Anchi Yene (Official Video) Ethiopian Music by Evangadi Production 5 years ago 4 minutes, 2 seconds 668 views",Evangadi Production,668,675,7
82,"Yalnorkut Lijinet New Ethiopian Movie 2016 by Evangadi Production 5 years ago 1 hour, 30 minutes 427,844 views",Evangadi Production,427844,428064,220
83,"Jacky Gosee Amsterdam Closing Night Fim Esat Ethiopian Music by Evangadi Production 5 years ago 1 minute, 25 seconds 10,919 views",Evangadi Production,10919,10919,0
84,"Nelson Mandela Guramayle Documentary Trailer 2016 by Evangadi Production 5 years ago 1 minute, 8 seconds 1,635 views",Evangadi Production,1635,1637,2
85,"የፀሃይ መውጫ ልጆች    Sons of Sunrise   New Amharic Movie Trailer by Evangadi Production 5 years ago 1 minute, 11 seconds 1,155 views",Evangadi Production,1155,1157,2
86,"Elsabet Teshome Be Birr Aygezam Ethiopian Music 2016 (Official Audio) by Evangadi Production 5 years ago 4 minutes, 46 seconds 42,625 views",Evangadi Production,42625,42987,362
87,"Elsabet Teshome Sentune Ayew Bante Ethiopian Music 2016 (Official Audio) by Evangadi Production 5 years ago 4 minutes, 46 seconds 38,577 views",Evangadi Production,38577,38899,322
88,"Elsabet Teshome Addis Fiker New Ethiopian Music 2016 (Official Audio) by Evangadi Production 5 years ago 3 minutes, 52 seconds 62,662 views",Evangadi Production,62662,63141,479
89,"Elsabet Teshome Ayasayene Cenkune New Ethiopian Music 2016 (Official Audio) by Evangadi Production 5 years ago 5 minutes, 40 seconds 25,400 views",Evangadi Production,25400,25600,200
90,"Elsabet Teshome Besensel Lekebeb New Ethiopian Music 2016 (Official Audio) by Evangadi Production 5 years ago 6 minutes, 10 seconds 73,287 views",Evangadi Production,73287,73675,388
91,"Elsabet Teshome Semhen Salanesa New Ethiopian Music 2016 (Official Audio) by Evangadi Production 5 years ago 5 minutes, 21 seconds 30,324 views",Evangadi Production,30324,30506,182
92,"Elsabet Teshome Satemote Endate Lalekes New Ethiopian Music 2016 (Official Audio) by Evangadi Production 5 years ago 4 minutes, 56 seconds 36,776 views",Evangadi Production,36776,36961,185
93,"Elsabet Teshome Ayewetanem Kefu Negere New Ethiopian Music 2016 (Official Audio) by Evangadi Production 5 years ago 4 minutes, 58 seconds 43,931 views",Evangadi Production,43931,44202,271
94,"Elsabet Teshome Yecenkenal New Ethiopian Music 2016 (Official Audio) by Evangadi Production 5 years ago 4 minutes, 46 seconds 68,030 views",Evangadi Production,68030,68323,293
95,"Elsabet Teshome Kal Menotan Man Yawekal New Ethiopian Music 2016 (Official Audio) by Evangadi Production 5 years ago 4 minutes, 42 seconds 38,654 views",Evangadi Production,38654,38921,267
96,"Elsabet Teshome Kal Kedan Teresto New Ethiopian Music 2016 (Official Audio) by Evangadi Production 5 years ago 4 minutes, 53 seconds 86,874 views",Evangadi Production,86874,87225,351
97,"Elsabet Teshome Men Bedelkut Menew New Ethiopian Music 2016 (Official Audio) by Evangadi Production 5 years ago 5 minutes, 29 seconds 53,654 views",Evangadi Production,53654,53901,247
98,"Elsabet Teshome Men Neber New Ethiopian Music 2016 (Official Audio) by Evangadi Production 5 years ago 3 minutes, 39 seconds 49,500 views",Evangadi Production,49500,49748,248
99,"Elsabet Teshome Felagota New Ethiopian Music 2016 (Official Audio) by Evangadi Production 5 years ago 3 minutes, 19 seconds 61,815 views",Evangadi Production,61815,62169,354
100,"ወፌ ቆመች Wefa Komeche New Ethiopian Amharic Movie Trailer by Evangadi Production 5 years ago 1 minute, 22 seconds 18,746 views",Evangadi Production,18746,18753,7
101,"የብርሃን ፊርማ Yebrhan Firma New Ethiopian Movie Trailer 2016 by Evangadi Production 5 years ago 1 minute, 1 second 5,792 views",Evangadi Production,5792,5794,2
102,"ሀገርሽ ሀገሬ   Hagerish Hagere   2016 New Ethiopian Amharic Movie Trailer by Evangadi Production 5 years ago 1 minute, 24 seconds 13,334 views",Evangadi Production,13334,13338,4
103,"ሳንተያይ   Santeyay   New Ethiopian Amharic Movie Trailer 2016 by Evangadi Production 5 years ago 1 minute, 30 seconds 12,372 views",Evangadi Production,12372,12381,9
104,"የነገን አልወልድም   Yenegen Alweledim   2016 New Amharic Movie Trailer by Evangadi Production 5 years ago 1 minute, 30 seconds 5,639 views",Evangadi Production,5639,5651,12
105,"Sable Tadesse ድማማዬ (Official Music) Ethiopian Music 2016 by Evangadi Production 5 years ago 4 minutes, 21 seconds 9,469 views",Evangadi Production,9469,9474,5
106,"Sable Tadesse Fiker (official music video) New Ethiopia Music 2016 by Evangadi Production 5 years ago 3 minutes, 47 seconds 5,754 views",Evangadi Production,5754,5754,0
107,"Negusu Tamerat Bishan Addis Abebea New Ethiopian Music 2016 by Evangadi Production 5 years ago 4 minutes, 42 seconds 33,600 views",Evangadi Production,33600,33991,391
108,"Miki Yo Hgere New Ethiopia Music 2016 by Evangadi Production 6 years ago 3 minutes, 53 seconds 12,679 views",Evangadi Production,12679,12681,2
109,"Ye Addis Ababa Gudoch Ethiopian New Full  Movie 2016 by Evangadi Production 6 years ago 1 hour, 2 minutes 355,613 views",Evangadi Production,355613,355624,11
110,"kebebew Geda Ethiopian Full Movie 2016 by Evangadi Production 6 years ago 1 hour, 23 minutes 30,600 views",Evangadi Production,30600,30652,52
111,"Wendmu Jira Sime Nesh New Ethiopian Music 2016 by Evangadi Production 6 years ago 5 minutes, 2 seconds 8,379 views",Evangadi Production,8379,8379,0
112,"Jacky Gosee Balager 2015 by Evangadi Production 6 years ago 5 minutes, 21 seconds 9,374 views",Evangadi Production,9374,9375,1
113,"Jacky Gosee Ethiopian Day Washington DC Bandiraw by Evangadi Production 6 years ago 2 minutes, 18 seconds 9,186 views",Evangadi Production,9186,9188,2
114,"Jacky Gosee Men Tadergewalese Ethiopian Music by Evangadi Production 6 years ago 4 minutes, 17 seconds 9,428 views",Evangadi Production,9428,9429,1
115,"Beki Massawa Bey Ney Official New Music 2015 by Evangadi Production 6 years ago 4 minutes, 53 seconds 6,315 views",Evangadi Production,6315,6316,1
116,"Terengo Asenabetune [2015] New Comedy Music by Evangadi Production 6 years ago 4 minutes, 25 seconds 46,898 views",Evangadi Production,46898,46932,34
117,"Merkeb baryagabr Waniney  [2015] New Tigrina Music by Evangadi Production 6 years ago 7 minutes, 31 seconds 9,501 views",Evangadi Production,9501,9503,2
118,"Evangadi Production promo by Evangadi Production 6 years ago 1 minute, 20 seconds 1,786 views",Evangadi Production,1786,1787,1
119,"Edidiya Ayele Kafe [2015] Ethiopian New Music by Evangadi Production 6 years ago 4 minutes, 49 seconds 8,115 views",Evangadi Production,8115,8127,12
120,"Mesfin (Gena Gena) Tolo Tolo [2015] New Ethiopian Music by Evangadi Production 6 years ago 4 minutes, 57 seconds 94,117 views",Evangadi Production,94117,94427,310
121,"ABEL RASTA YENE YEGLE 2015 አቤል ራስታ የኔ የግሌ 2015 by Evangadi Production 6 years ago 4 minutes, 36 seconds 1,303 views",Evangadi Production,1303,1306,3
122,"oromo negusu tameirat by Evangadi Production 11 years ago 5 minutes, 7 seconds 44,065 views",Evangadi Production,44065,44071,6
123,"Tadesse Mekete - AYECHESHALHU  - MIX 2020 by Fenthun Belete 1 year ago 3 minutes, 2 seconds 21,891 views",Fenthun Belete,21891,22017,126
124,"arif mix adies 2018 by Fenthun Belete 3 years ago 3 minutes, 1 second 56,056 views",Fenthun Belete,56056,56204,148
125,"Ethiopian music 2018 mulat eshete (genet)በፍቅር bezema by Fenthun Belete 3 years ago 3 minutes 6,250 views",Fenthun Belete,6250,6260,10
126,"best ethiopian music 2018 by Fenthun Belete 3 years ago 4 minutes, 21 seconds 74,315 views",Fenthun Belete,74315,74517,202
127,"New Ethiopian Music 2018 - gonder by Fenthun Belete 3 years ago 2 minutes, 14 seconds 41,889 views",Fenthun Belete,41889,42035,146
128,"ethiopian music new 2018 by Fenthun Belete 3 years ago 4 minutes, 15 seconds 48,325 views",Fenthun Belete,48325,48495,170
129,"arif mix adies 2018 by Fenthun Belete 3 years ago 3 minutes, 1 second 19,294 views",Fenthun Belete,19294,19312,18
130,"hot ethiopian music 2018 mulat eshete by Fenthun Belete 3 years ago 5 minutes, 39 seconds 63,004 views",Fenthun Belete,63004,63085,81
131,"Tesfaye Adugna - Weleba ¦ ወለባ - New Ethiopian Music 2018 by Fenthun Belete 3 years ago 2 minutes, 58 seconds 18,789 views",Fenthun Belete,18789,18868,79
132,"ethiopian music new 2018 by Fenthun Belete 3 years ago 2 minutes, 16 seconds 22,552 views",Fenthun Belete,22552,22630,78
133,"ethiopian music new 2018 by Fenthun Belete 4 years ago 2 minutes, 41 seconds 39,449 views",Fenthun Belete,39449,39556,107
134,"new ethiopian music 2018 by Fenthun Belete 4 years ago 3 minutes, 1 second 71,021 views",Fenthun Belete,71021,71136,115
135,"Selemon Admasu - Batgarugn - Ethiopian New Music 2018 by Fenthun Belete 4 years ago 4 minutes, 11 seconds 15,614 views",Fenthun Belete,15614,15649,35
136,"ethiopian music new 2018 by Fenthun Belete 4 years ago 3 minutes, 46 seconds 69,129 views",Fenthun Belete,69129,69173,44
137,"best ethiopian music 2017 by Fenthun Belete 4 years ago 3 minutes, 4 seconds 49,910 views",Fenthun Belete,49910,50033,123
138,"arif adis rimex 2017 by Fenthun Belete 4 years ago 2 minutes, 13 seconds 15,566 views",Fenthun Belete,15566,15611,45
139,"ethiopian music new 2017 by Fenthun Belete 4 years ago 2 minutes, 40 seconds 12,165 views",Fenthun Belete,12165,12201,36
140,"best ethiopian music 2017 by Fenthun Belete 4 years ago 3 minutes, 1 second 27,634 views",Fenthun Belete,27634,27709,75
141,"arif Remix  2017 by Fenthun Belete 4 years ago 6 minutes, 1 second 281,277 views",Fenthun Belete,281277,281611,334
142,"behailu bayou- des bilongnal ethiopian music 2017 by Fenthun Belete 4 years ago 2 minutes, 37 seconds 75,930 views",Fenthun Belete,75930,76053,123
143,"Yosef Josi - Wesewesegn - Official Music Video - New Ethiopian Music 2017 by Fenthun Belete 4 years ago 4 minutes, 31 seconds 12,381 views",Fenthun Belete,12381,12387,6
144,"ethiopian music new 2017 by Fenthun Belete 4 years ago 3 minutes, 4 seconds 83,836 views",Fenthun Belete,83836,84022,186
145,"mix adies 2017 by Fenthun Belete 4 years ago 3 minutes, 11 seconds 17,219 views",Fenthun Belete,17219,17249,30
146,"mix adies 2017 by Fenthun Belete 4 years ago 3 minutes, 2 seconds 20,690 views",Fenthun Belete,20690,20735,45
147,"New Ethiopian Music 2017 by Fenthun Belete 4 years ago 2 minutes, 50 seconds 448,576 views",Fenthun Belete,448576,449486,910
148,"Best ethiopian music 2017 by Fenthun Belete 5 years ago 2 minutes, 19 seconds 42,558 views",Fenthun Belete,42558,42584,26
149,"ethiopian music new 2017 by Fenthun Belete 5 years ago 2 minutes, 32 seconds 457,320 views",Fenthun Belete,457320,457379,59
150,"arif mix adies 2017 by Fenthun Belete 5 years ago 2 minutes, 20 seconds 2,367,776 views",Fenthun Belete,2367776,2370726,2950
151,"Yosef Mersha - Wey Libe ¦ ወይ ልቤ - New Ethiopian Music 2017 by Fenthun Belete 5 years ago 3 minutes, 34 seconds 28,581 views",Fenthun Belete,28581,28625,44
152,"ethiopian music 2017 by Fenthun Belete 5 years ago 2 minutes, 43 seconds 136,669 views",Fenthun Belete,136669,136691,22
153,"Ethiopian - Maditu Weday - Eshkem(እሽክም) - New Ethiopian Music 2016(Official Video) by Fenthun Belete 5 years ago 3 minutes, 4 seconds 54,689 views",Fenthun Belete,54689,54723,34
154,"arif adies mix 2017 by Fenthun Belete 5 years ago 2 minutes, 26 seconds 46,029 views",Fenthun Belete,46029,46118,89
155,"ethiopian arif music 2017 by Fenthun Belete 5 years ago 2 minutes, 50 seconds 114,500 views",Fenthun Belete,114500,114544,44
156,"arif masinko 2016 by Fenthun Belete 5 years ago 3 minutes, 1 second 22,274 views",Fenthun Belete,22274,22287,13
157,"arif adies mix 2016 by Fenthun Belete 5 years ago 2 minutes, 2 seconds 151,496 views",Fenthun Belete,151496,151985,489
158,"ariffffffffffff music 2016 by Fenthun Belete 5 years ago 2 minutes, 43 seconds 85,423 views",Fenthun Belete,85423,85514,91
159,"The best dancer in the world by Fenthun Belete 5 years ago 1 minute, 7 seconds 51,615 views",Fenthun Belete,51615,53178,1563
160,"ethiopian music 2016 by Fenthun Belete 5 years ago 4 minutes, 17 seconds 213,092 views",Fenthun Belete,213092,213274,182
161,"ethiopian music 2016 by Fenthun Belete 5 years ago 3 minutes, 37 seconds 45,079 views",Fenthun Belete,45079,45129,50
162,"Alula G/Amlack -Mateben -(Official Music Video)-New Ethiopian Music 2016 by Fenthun Belete 5 years ago 13 minutes, 11 seconds 41,741 views",Fenthun Belete,41741,41846,105
163,"የአድዋ ፈረሶች (የዳዊት ተስፋዬ ግጥም) A poem by Dawit Tesfaye #Adwa #AdwaVictory #Ethiopia by Firma 1 day ago 3 minutes, 19 seconds 528 views",Firma,528,978,450
164,"Hagere | Grum Zenebe (a poem by Gebrekirstos Desta) ከፍ ከፍ1 አገሬ | የገብረ ክርስቶስ ደስታን ግጥም ግሩም ዘነበ እንደከወነው by Firma 2 months ago 11 minutes, 34 seconds 6,324 views",Firma,6324,6394,70
165,"Ethiopian Music: Ab Man (Yileyal) New Ethiopian Music ይለያል | ኤቢ ማን New Ethiopian Music 2021 #Ab_Man by Firma 2 months ago 3 minutes, 46 seconds 3,469 views",Firma,3469,3756,287
166,"Ethiopian Music: Yohannes Girma (Wetader Negn) ወታደር ነኝ | ዮሐንስ ግርማ (Official Music Video) by Firma 5 months ago 5 minutes, 10 seconds 31,720 views",Firma,31720,32004,284
167,"Ethiopian Music: Yohannes Girma (Wetader Negn) New Ethiopian Music 2021 ወታደር ነኝ | ዮሐንስ ግርማ by Firma 6 months ago 5 minutes, 13 seconds 29,465 views",Firma,29465,29862,397
168,"ሽማግሌ ጠፋ | የዳዊት የትም (ዴቭ ሳክስ) አጭር ስታንዳፕ ኮሜዲ A stand-up comedy by Dawit Yetim by Firma 7 months ago 8 minutes, 41 seconds 7,458 views",Firma,7458,7488,30
169,"የቃልአብ ሙሉጌታ ""አዲስ አበባዬ"" በቀረፃ ላይ | The Making of “Addis Abebaye” New Ethiopian Music 2021 by Firma 7 months ago 11 minutes, 42 seconds 519 views",Firma,519,521,2
170,Addis Abebaye | Kaleab Mulugeta : Making Trailer የአዲስ አበባዬ ቀረፃ ቅምሻ|  New Ethiopian Music 2021 by Firma 8 months ago 52 seconds 478 views,Firma,478,485,7
171,"Addis Abebaye | Kaleab Mulugeta : Ethiopian Music አዲስ አበባዬ | ቃልአብ ሙሉጌታ New Ethiopian Music by Firma 8 months ago 5 minutes, 32 seconds 13,689 views",Firma,13689,13788,99
172,"Ethiopian music | Yohannes Girma (Bibeza Semanya) ዮሐንስ ግርማ (ቢበዛ ሰማንያ) New Ethiopian music 2021 by Firma 11 months ago 4 minutes, 15 seconds 8,126 views",Firma,8126,8164,38
173,"Ethiopian music | Asseged Eshetu (Abay Eshururu) አሰግድ እሸቱ (አባይ እሹሩሩ) - New Ethiopian music 2021 by Firma 1 year ago 5 minutes, 35 seconds 7,442 views",Firma,7442,7486,44
174,"ሰው | SEW (ማጀቢያ ሙዚቃ) by Firma 1 year ago 12 minutes, 23 seconds 2,977 views",Firma,2977,2993,16
175,"ከፊርማ አባላት ጋር እንተዋወቅ | Meet the first Firma Members by Firma 1 year ago 2 minutes, 30 seconds 2,396 views",Firma,2396,2398,2
176,"Zerubabbel Molla | የኢትዮጵያ አምላክ (ከንጋት ታዳሚ ዐልባ ኮንሰርት) by Firma 1 year ago 6 minutes, 45 seconds 2,159 views",Firma,2159,2175,16
177,"Firma - Alpha by Firma 1 year ago 1 minute, 28 seconds 1,647 views",Firma,1647,1648,1
178,"Addisu  G/ michael  ( ከይትሓስብዮ)  (Official Music Video) New Ethiopian Music by G O L A G U L 1 year ago 4 minutes, 14 seconds 1,737 views",G O L A G U L,1737,1757,20
179,"Brhanu kiros  (ላንጋ ላንጋ ፍቅሪ)  (Official Music Video) New Ethiopian Music by G O L A G U L 1 year ago 5 minutes, 40 seconds 1,372 views",G O L A G U L,1372,1386,14
180,"Alem Tesfay  / ሃዋርያ ሰላም/  (Official Music Video) New Ethiopian Music by G O L A G U L 1 year ago 5 minutes, 1 second 3,516 views",G O L A G U L,3516,3524,8
181,"Genet Hagos ፡ ትግራይ ዝዓደይ  (Official Music Video) New Ethiopian Music by G O L A G U L 1 year ago 4 minutes, 24 seconds 1,875 views",G O L A G U L,1875,1896,21
182,"Mengistab Gebregergs  Aday  (Official Music Video) New Ethiopian Music by G O L A G U L 2 years ago 7 minutes, 27 seconds 962 views",G O L A G U L,962,968,6
183,"Yergalm Tedros  (ቀሲነ ፡የ)  (Official Music Video) New Ethiopian Music by G O L A G U L 2 years ago 6 minutes, 19 seconds 1,755 views",G O L A G U L,1755,1760,5
184,"Tadesse desta ( Fisto )  እምቤቴይ  (Official Music Video) New Ethiopian Music by G O L A G U L 2 years ago 3 minutes, 50 seconds 2,424 views",G O L A G U L,2424,2429,5
185,"Mengstab G/gergs (Official Music Video) New Ethiopian Music by G O L A G U L 2 years ago 7 minutes, 27 seconds 1,031 views",G O L A G U L,1031,1033,2
186,"Ethiopian Old Tigriga Music  (Official Music Video) old Ethiopian Music by G O L A G U L 2 years ago 6 minutes, 11 seconds 7,518 views",G O L A G U L,7518,7531,13
187,"Raza Raya (Official Music Video) New Ethiopian Music by G O L A G U L 2 years ago 3 minutes, 28 seconds 1,750 views",G O L A G U L,1750,1752,2
188,"Wedi tsehay=korialki new clip  (Official Music Video) New Ethiopian Music by G O L A G U L 3 years ago 4 minutes, 56 seconds 4,030 views",G O L A G U L,4030,4036,6
189,"ኣታኽልቲ ፅሮታ ማቻ ኢኺ  (Official Music Video) New Ethiopian Music by G O L A G U L 3 years ago 6 minutes, 7 seconds 62,498 views",G O L A G U L,62498,62626,128
190,"Kiros Legesse  (Official Music Video) New Ethiopian  Poem by G O L A G U L 3 years ago 6 minutes, 16 seconds 785 views",G O L A G U L,785,786,1
191,"Mulu Alemu (Official Music Video) New Ethiopian Music by G O L A G U L 3 years ago 5 minutes, 25 seconds 2,351 views",G O L A G U L,2351,2356,5
192,"New Afar Music Tahir mussa (Aba'ala)  (Official Music Video) New Ethiopian Music by G O L A G U L 3 years ago 4 minutes, 43 seconds 19,550 views",G O L A G U L,19550,19706,156
193,"Ewnet by Young Hayu ft Aki  (Official Music Video) New Ethiopian Music by G O L A G U L 3 years ago 4 minutes, 56 seconds 1,166 views",G O L A G U L,1166,1167,1
194,"ተኽላይ ገ/ሚካኤል  (Official Music Video) New Ethiopian Music by G O L A G U L 3 years ago 4 minutes, 57 seconds 1,846 views",G O L A G U L,1846,1854,8
195,"Semaetat Program part 3 (Official Music Video) New Ethiopian Music by G O L A G U L 3 years ago 9 minutes, 11 seconds 615 views",G O L A G U L,615,615,0
196,"Semaetat Program part 2 (Official Music Video) New Ethiopian Music by G O L A G U L 3 years ago 7 minutes, 29 seconds 570 views",G O L A G U L,570,571,1
197,"Yohannes Berihu  (Way Shelel Elkyo) (Official Music Video) New Ethiopian Music by G O L A G U L 3 years ago 4 minutes, 10 seconds 440 views",G O L A G U L,440,441,1
198,"Haftom Bruqas /ቀያሕ ቆልዓ /(Official Music Video) New Ethiopian Music by G O L A G U L 3 years ago 4 minutes, 20 seconds 1,591 views",G O L A G U L,1591,1593,2
199,"Henok Aregawi Adey Etay  (Official Music Video) New Ethiopian Music by G O L A G U L 3 years ago 5 minutes, 26 seconds 6,102 views",G O L A G U L,6102,6108,6
200,"Mokonen fesha / Metseni/ (Official Music Video) New Ethiopian Music by G O L A G U L 3 years ago 5 minutes, 12 seconds 1,088 views",G O L A G U L,1088,1088,0
201,"asefa brhane ( Nay Men Kon Tekoni ) (Official Music Video) New Ethiopian Music by G O L A G U L 3 years ago 5 minutes, 41 seconds 1,445 views",G O L A G U L,1445,1448,3
202,"Aziz Hagos /Yrisae Do Koyinu/ (Official Music Video) New Ethiopian Music by G O L A G U L 3 years ago 6 minutes, 22 seconds 5,752 views",G O L A G U L,5752,5757,5
203,"Alemayehu Hafte Ye'es blka hitim New Tigrigna Raya poem 2018 full by G O L A G U L 3 years ago 5 minutes, 20 seconds 579 views",G O L A G U L,579,582,3
204,"goitom gebrehiwe dokile new song 2010 by G O L A G U L 3 years ago 5 minutes, 35 seconds 2,911 views",G O L A G U L,2911,2917,6
205,"Semaetat Program part 1 (Official Music Video) New Ethiopian Music by G O L A G U L 4 years ago 10 minutes, 40 seconds 1,020 views",G O L A G U L,1020,1021,1
206,"Tadael Ylma/ Tesemieni/ (Official Music Video) New Ethiopian Music by G O L A G U L 4 years ago 5 minutes, 51 seconds 3,173 views",G O L A G U L,3173,3173,0
207,"Zekaris G Tsadik & Ataklti Aberha/ Enkae Natka Koneku/(Official Music Video) New Ethiopian Music by G O L A G U L 4 years ago 4 minutes, 35 seconds 1,720 views",G O L A G U L,1720,1720,0
208,"Alembrhan G/tnsae - Nienay (Official Music Video) New Ethiopian Music by G O L A G U L 4 years ago 5 minutes, 36 seconds 2,792 views",G O L A G U L,2792,2798,6
209,"Yohanes Bayru - Welwalo  (Official Music Video) New Ethiopian Tigrigna Music by G O L A G U L 4 years ago 6 minutes, 43 seconds 104,875 views",G O L A G U L,104875,105240,365
210,"MIKIALE WELU (maico) - aboy (Official Music Video) New Ethiopian Tigrigna Music by G O L A G U L 4 years ago 4 minutes, 36 seconds 1,511 views",G O L A G U L,1511,1512,1
211,"Luel Kidane - Gena ' ya (Official Music Video) New Tigrigna Music by G O L A G U L 4 years ago 6 minutes, 37 seconds 12,803 views",G O L A G U L,12803,12807,4
212,"Solomon Mizan - Sus ye (Official Music Video) New Ethiopian Tigrigna Music by G O L A G U L 4 years ago 6 minutes, 17 seconds 15,326 views",G O L A G U L,15326,15332,6
213,"Desaley Mengstu - Hafti Monaliza (Official Music Video) New Ethiopian Tigrigna Music by G O L A G U L 4 years ago 7 minutes, 9 seconds 10,397 views",G O L A G U L,10397,10401,4
214,"Kidane & Haftom - Mamana (Official Music Video) New Ethiopian Tigrigna Music by G O L A G U L 4 years ago 6 minutes, 18 seconds 13,747 views",G O L A G U L,13747,13748,1
215,"Metsae Gebrekidan - Weledo Terekebwa (Official Music Video) New Tigrigna Music by G O L A G U L 5 years ago 5 minutes, 6 seconds 46,868 views",G O L A G U L,46868,46879,11
216,"Temtu Gebrehiwet - Weyney (Official Music Video) New Ethiopian Tigrigna Music by G O L A G U L 5 years ago 7 minutes, 36 seconds 67,459 views",G O L A G U L,67459,67522,63
217,"Binyam Yemane - Jeganu (Official Music Video) New Ethiopian Tigrigna Music by G O L A G U L 5 years ago 6 minutes 29,833 views",G O L A G U L,29833,29869,36
218,"Teklay Berhe - Nienay'ndo Niagame (Official Music Video) New Ethiopian Tigrigna Music 2016 by G O L A G U L 5 years ago 7 minutes, 10 seconds 152,346 views",G O L A G U L,152346,153225,879
219,"Yemane (Wedi Afro)  &  Kiros -  ( Kuhilye (Official Music Video) New Ethiopian Tigrigna Music 2016 by G O L A G U L 5 years ago 5 minutes, 48 seconds 29,862 views",G O L A G U L,29862,29888,26
220,"New Ethiopian Tigrigna Music 2016 Tesfealem Atsbeha - Hagerey by G O L A G U L 5 years ago 5 minutes, 48 seconds 6,141 views",G O L A G U L,6141,6145,4
221,"New Ethiopian Tigrigna Music 2016 -Teshelalemi / ተሸላለሚ by G O L A G U L 5 years ago 5 minutes, 11 seconds 89,450 views",G O L A G U L,89450,89464,14
222,"Ashenafi Birhane - KEYDA /ከይዳ New Ethiopian Music 2016 by G O L A G U L 5 years ago 5 minutes, 23 seconds 8,416 views",G O L A G U L,8416,8425,9
223,"New Ethiopian Music Aba nedi (lil pac) - yene gagari by G O L A G U L 6 years ago 3 minutes, 32 seconds 2,670 views",G O L A G U L,2670,2670,0
224,"Mtslal Gidey & Yitbarek Mesfin - Tinbitawit Elet New Ethiopian Tigrigna Music 2016 by G O L A G U L 6 years ago 6 minutes, 4 seconds 7,821 views",G O L A G U L,7821,7824,3
225,"Tesfealem G/slassie - Genzeb #ገንዘብ# New Ethiopian Tigrigna Music 2016 by G O L A G U L 6 years ago 6 minutes, 10 seconds 23,842 views",G O L A G U L,23842,23886,44
226,"Gezae Fitwi & Haben Fantay - Waero Tigray #ዋዕሮ ትግራይ# New Tigrigna Music 2016 by G O L A G U L 6 years ago 5 minutes, 11 seconds 11,967 views",G O L A G U L,11967,11981,14
227,"Yapi Mapi - Beautiful New Ethiopian Music 2016 by G O L A G U L 6 years ago 4 minutes, 30 seconds 33,642 views",G O L A G U L,33642,33673,31
228,"New Tigrigna Music 2016 - Mehari kiros ''NIYATEY'' by G O L A G U L 6 years ago 4 minutes, 23 seconds 2,507 views",G O L A G U L,2507,2509,2
229,"New Tigrigna Music - Wezef Gidena - edley by G O L A G U L 6 years ago 4 minutes, 31 seconds 34,624 views",G O L A G U L,34624,34628,4
230,"New Tigrigna Music - Sntayehu Molla - Hagerey by G O L A G U L 6 years ago 6 minutes, 9 seconds 4,283 views",G O L A G U L,4283,4283,0
231,"New Tigrigna Music 2016 - Kalayu G/her - Desdes by G O L A G U L 6 years ago 6 minutes, 14 seconds 110,095 views",G O L A G U L,110095,110163,68
232,"New Tigrigna Music - Kidist Birhane #milat Lbey# by G O L A G U L 6 years ago 5 minutes, 36 seconds 65,955 views",G O L A G U L,65955,65973,18
233,"Spa - Natural Spring water by G O L A G U L 6 years ago 1 minute, 23 seconds 925 views",G O L A G U L,925,925,0
234,"New Ethiopian Tigrigna Music Dejen & Selam Ruhu Aykonen ርሑቕ ኣይኮነን by G O L A G U L 6 years ago 6 minutes, 5 seconds 16,451 views",G O L A G U L,16451,16462,11
235,"New Tigrigna Music 2015 Abreham Haftu   Akieluki ኣኽኢሉኪ by G O L A G U L 6 years ago 6 minutes, 21 seconds 4,893 views",G O L A G U L,4893,4895,2
236,"New Tigrigna Traditional Music 2015 Awetash Fitiwi #Shnuney# ሽኑነይ by G O L A G U L 6 years ago 5 minutes, 50 seconds 36,452 views",G O L A G U L,36452,36537,85
237,"New Tigrigna Music 2015 Rezene Teame #RAHRHI# ራህርሂ by G O L A G U L 6 years ago 6 minutes, 24 seconds 261,387 views",G O L A G U L,261387,262599,1212
238,"Thank you - Yapi mapi Meles Tribute  Song by G O L A G U L 6 years ago 6 minutes, 42 seconds 1,576 views",G O L A G U L,1576,1583,7
239,"Neglect - rahwa addis tesfay by G O L A G U L 6 years ago 2 minutes, 51 seconds 1,371 views",G O L A G U L,1371,1371,0
240,"On Track By Rahwa Addis Tesfay by G O L A G U L 6 years ago 1 minute, 27 seconds 2,303 views",G O L A G U L,2303,2304,1
241,"Winta Ataklti ft.  Yodit Muruts #Hagerey#  New Ethiopian music 2015 by G O L A G U L 6 years ago 5 minutes, 38 seconds 7,569 views",G O L A G U L,7569,7572,3
242,"Gzachew Solomon #Weni# ወኒ (NEW TRADITINAL TIGRIGNA MUSIC 2015) by G O L A G U L 6 years ago 5 minutes, 23 seconds 48,007 views",G O L A G U L,48007,48047,40
243,"Aregawi G/her  #Bizey seb# ብዘይ ሰብ (NEW TRADITIONAL TIGRIGNA MUSIC 2015)Bahlawi by G O L A G U L 6 years ago 6 minutes, 49 seconds 1,577,785 views",G O L A G U L,1577785,1587518,9733
244,"Fitawrari Kibromma # Ab yelakat # ኣብ የላካት by G O L A G U L 6 years ago 4 minutes, 18 seconds 3,235 views",G O L A G U L,3235,3238,3
245,"Desta Berhe ""Chaw Chaw"" ቻው ቻው New Traditional Tigrigna Music 2015 by G O L A G U L 6 years ago 6 minutes, 25 seconds 48,431 views",G O L A G U L,48431,48453,22
246,"dawit nega /damena / #tsehay tsome arbea# ፀሓይ ጶም ኣርበዓ by G O L A G U L 6 years ago 6 minutes, 8 seconds 18,814 views",G O L A G U L,18814,18817,3
247,"Amharic Film Trailer ''Marqueza'' ማርኬዛ by G O L A G U L 7 years ago 1 minute, 58 seconds 4,295 views",G O L A G U L,4295,4296,1
248,"Dawi Nega /Deamena/  #Gutena# /New Tigrigna Music 2015/ by G O L A G U L 7 years ago 4 minutes, 24 seconds 31,505 views",G O L A G U L,31505,31507,2
249,"Solomon Ykunoamlak #ALMAZ# New Tigrigna Music 2015 by G O L A G U L 7 years ago 5 minutes, 47 seconds 176,750 views",G O L A G U L,176750,176843,93
250,"Tesfay Gidey ''Salakaye'' ሳላካየ New Tigrigna Music 2015 by G O L A G U L 7 years ago 6 minutes, 36 seconds 95,264 views",G O L A G U L,95264,95346,82
251,"New Traditional  Tigrigna Music 2015 ''Hileley'' Selam Kelelom by G O L A G U L 7 years ago 5 minutes, 18 seconds 56,677 views",G O L A G U L,56677,56682,5
252,"HAGRE yapi Mapi Ft. dawit nega Ethiopian Music 2015 by G O L A G U L 7 years ago 4 minutes, 10 seconds 68,670 views",G O L A G U L,68670,68697,27
253,"New Tigrigna Music 2015 ውቅብተይ ""Wukbtey"" Saymon Haile by G O L A G U L 7 years ago 3 minutes, 23 seconds 32,066 views",G O L A G U L,32066,32070,4
254,"New Tigrigna Music 2015 ለካቲት ንዓና by G O L A G U L 7 years ago 6 minutes, 7 seconds 36,643 views",G O L A G U L,36643,36647,4
255,"Goyteom Tamrat (fiyona) #ኣይእዘዝን 'ዩ ፍቅሪ#Tigrigna Music New 2015 by G O L A G U L 7 years ago 4 minutes, 56 seconds 140,445 views",G O L A G U L,140445,140470,25
256,"New Tigrigna Music 2015 ''Keynmano'' Goiteom Weldegerima by G O L A G U L 7 years ago 6 minutes, 4 seconds 71,453 views",G O L A G U L,71453,71454,1
257,"''Entay Kabseley'' Awetash Ftiwi Best Tigrigna Music by G O L A G U L 7 years ago 6 minutes, 47 seconds 17,985 views",G O L A G U L,17985,18082,97
258,"New Tigrigna music ''ምስ ወዲ  ሩባይ'' Gidey Tesfay by G O L A G U L 7 years ago 6 minutes, 35 seconds 37,706 views",G O L A G U L,37706,37745,39
259,"New Tigrigna Music Girmay G/hiwet by G O L A G U L 7 years ago 6 minutes, 7 seconds 16,103 views",G O L A G U L,16103,16118,15
260,"Tigrigna Music  #ኣቲ ወይዘሮ# atiweyzero Tsegalul H/mariam by G O L A G U L 7 years ago 5 minutes, 28 seconds 28,008 views",G O L A G U L,28008,28037,29
261,"New Traditional Tigrigna Music #ኣውርስ# Girmay G/hiwet by G O L A G U L 7 years ago 5 minutes, 6 seconds 16,274 views",G O L A G U L,16274,16281,7
262,"Winta Birhane ''Zreaye Aynu Ybrah'' ዝረኣየ ዓይኑ ይብራህ by G O L A G U L 7 years ago 5 minutes, 44 seconds 36,979 views",G O L A G U L,36979,37050,71
263,"Yemane G/tsadkan '' Ykunelki'' New tigrigna music by G O L A G U L 7 years ago 6 minutes, 32 seconds 5,802 views",G O L A G U L,5802,5802,0
264,"Kiros Girmay  ''Genet Adom'' ገነት ኤዶም New Tigrigna  Traditiona music by G O L A G U L 7 years ago 6 minutes, 56 seconds 5,948 views",G O L A G U L,5948,5949,1
265,"Ftsum Hagos /weyley weyley/ New Tigrigna Music ''Tefelalina dina'' by G O L A G U L 7 years ago 4 minutes, 16 seconds 3,994 views",G O L A G U L,3994,3998,4
266,"New Ethiopian Traditional Music by G O L A G U L 7 years ago 5 minutes, 24 seconds 19,021 views",G O L A G U L,19021,19024,3
267,"New Ethiopian Traditional tigrigna Music ''muzey'' by G O L A G U L 7 years ago 5 minutes, 23 seconds 23,664 views",G O L A G U L,23664,23667,3
268,"New Tigrigna Music 2014 ''Smeru'' Solomon Ykunoamlak by G O L A G U L 7 years ago 6 minutes, 49 seconds 58,783 views",G O L A G U L,58783,58833,50
269,"Celebration Ashenda by G O L A G U L 7 years ago 3 minutes, 26 seconds 9,396 views",G O L A G U L,9396,9400,4
270,"New Traditional  Tigrigna Music 2014 ደሞኒ by G O L A G U L 7 years ago 6 minutes, 11 seconds 174,092 views",G O L A G U L,174092,174131,39
271,"New Tigrigna Music 2014 ''Shkorina'' ሽኮሪና by G O L A G U L 7 years ago 6 minutes, 21 seconds 19,932 views",G O L A G U L,19932,19942,10
272,"Solomon Bayre /Wedi Bayre/ New Tigrigna Music 2014 ''Beynki nie'' በይንኺ ንዒ by G O L A G U L 7 years ago 5 minutes, 20 seconds 690,752 views",G O L A G U L,690752,692615,1863
273,"ktmetsni- Gezae Teshome by G O L A G U L 7 years ago 5 minutes, 25 seconds 5,456 views",G O L A G U L,5456,5468,12
274,"''Yekuriro'' Tigrigna Music New 2014 Rahel Getachew by G O L A G U L 7 years ago 5 minutes, 58 seconds 34,321 views",G O L A G U L,34321,34346,25
275,"New Tigrigna Music 2014 ''Aytihawkeni'' Halewat Hagos by G O L A G U L 7 years ago 4 minutes, 34 seconds 9,267 views",G O L A G U L,9267,9275,8
276,"New Traditional Tigrigna Music ''Birey'' Tesfalem Berhe by G O L A G U L 7 years ago 5 minutes, 47 seconds 39,892 views",G O L A G U L,39892,39906,14
277,"Celebration Kistay 2 in Planet Hotel Mekelle by G O L A G U L 7 years ago 12 minutes, 35 seconds 42,435 views",G O L A G U L,42435,42441,6
278,"New Tigrigna Music 2014 ''Mama'' Solomon Ykunoamlak by G O L A G U L 7 years ago 4 minutes, 7 seconds 34,361 views",G O L A G U L,34361,34373,12
279,"New Tigrigna Music 2014 ""Dine Mot'' Tiemtu G/hiwet & Amanual yemane by G O L A G U L 7 years ago 8 minutes, 13 seconds 24,644 views",G O L A G U L,24644,24651,7
280,"New Tigrigna Music Tseame Zewde ""Aykonetin Nsa"" by G O L A G U L 7 years ago 5 minutes, 50 seconds 2,734 views",G O L A G U L,2734,2734,0
281,"Traditional Tigrigna Music Rahwa Yemane by G O L A G U L 7 years ago 6 minutes, 33 seconds 260,981 views",G O L A G U L,260981,261184,203
282,"Traditional Ethiopian Music marta g/medhin by G O L A G U L 7 years ago 5 minutes, 28 seconds 15,893 views",G O L A G U L,15893,15896,3
283,"New Tigrigna Music 2014 Kidan Zerabruk ""Maley'' ማለይ by G O L A G U L 7 years ago 6 minutes, 5 seconds 8,833 views",G O L A G U L,8833,8835,2
284,"Traditional Tigrigna Music ፈለገ ረዳ ድቦኦተይ by G O L A G U L 7 years ago 6 minutes, 24 seconds 31,408 views",G O L A G U L,31408,31413,5
285,"New Traditional Tigrigna Awris ሄለን ገሂወት ኮኾብ እዩ ዓይንኻ by G O L A G U L 7 years ago 6 minutes, 3 seconds 19,528 views",G O L A G U L,19528,19538,10
286,"New Traditional Tigrigna Music 2014 ""Hileley"" Solomon G/michael ሒለለይ by G O L A G U L 7 years ago 6 minutes, 41 seconds 149,829 views",G O L A G U L,149829,149944,115
287,"Traditional Tigrigna Music  ባህልና - ሄለን ገ/ሂወት + ልእልቲ ፀጋይ by G O L A G U L 7 years ago 6 minutes, 27 seconds 66,795 views",G O L A G U L,66795,66809,14
288,"New Tigrigna Music 2014 ደስ ኢሉኒ - ትርሓስ ታረቀ ኮበለይ by G O L A G U L 7 years ago 6 minutes, 3 seconds 78,837 views",G O L A G U L,78837,78840,3
289,"New Traditional Tigrigna Music ወይናይ - ኣድሓነት ዕቋር by G O L A G U L 7 years ago 5 minutes, 31 seconds 98,436 views",G O L A G U L,98436,98484,48
290,"New Tigrigna Music ሰላም ናዓኺ - ደሳለኝ ዘርኡ by G O L A G U L 7 years ago 6 minutes, 41 seconds 4,801 views",G O L A G U L,4801,4805,4
291,"Best New Tradirional Tigrigna Music ወደሽ - ገ/ሂወት ገ/ማርያም (ምራጭ) ባህላዊ by G O L A G U L 7 years ago 4 minutes, 54 seconds 905,507 views",G O L A G U L,905507,908473,2966
292,"New Traditional Tigrigna Music 2014 ጡዑም ወረ - ገነት የማነ by G O L A G U L 7 years ago 5 minutes, 59 seconds 88,036 views",G O L A G U L,88036,88344,308
293,"New Traditional Tigrigna Music 2014 የሒላል ዶ - ክፍሎም ገ/ማርያም by G O L A G U L 7 years ago 6 minutes, 24 seconds 11,254 views",G O L A G U L,11254,11260,6
294,"Traditional Music New 2014 ነጠባ - ኪዳን ዘርኣብሩኽ by G O L A G U L 7 years ago 5 minutes, 17 seconds 6,027 views",G O L A G U L,6027,6030,3
295,"New Tigrigna Music 2014 ኣምፅኣያ ፍቅሪ - ትግስት ሃሚካኤል by G O L A G U L 7 years ago 6 minutes, 11 seconds 12,441 views",G O L A G U L,12441,12445,4
296,"በዓል ልደት ምስ ተጋዳላይ ገብሩ ፋኖ by GiZE TIGRIGNA ENTERTAINMENT 1 month ago 24 minutes 22,173 views",GiZE TIGRIGNA ENTERTAINMENT,22173,22252,79
297,"ካብ ወፃኢ ናብ ግንባር | ተጋዳላይ ዮናስን ተጋዳላይ ሰዓረን by GiZE TIGRIGNA ENTERTAINMENT 1 month ago 24 minutes 42,551 views",GiZE TIGRIGNA ENTERTAINMENT,42551,42684,133
298,"Hadush Gebrehiwet - ትግራይ - Tigrigna music ካብ ግንባር by GiZE TIGRIGNA ENTERTAINMENT 1 month ago 8 minutes, 32 seconds 14,811 views",GiZE TIGRIGNA ENTERTAINMENT,14811,15032,221
299,"Aregawi Tesfay - ሰሚዐዮ ደሃይካ - Tigrigna music ካብ ግንባር by GiZE TIGRIGNA ENTERTAINMENT 1 month ago 9 minutes, 58 seconds 78,601 views",GiZE TIGRIGNA ENTERTAINMENT,78601,79901,1300
300,"በዓል ልደት ምስ ተጋዳላይ ዘመን ኣለምሰገድ ካብ ግንባር by GiZE TIGRIGNA ENTERTAINMENT 1 month ago 31 minutes 39,366 views",GiZE TIGRIGNA ENTERTAINMENT,39366,39503,137
301,"ጠርጣራው ስቡሕ - ቃልሲ ኣብ ወፃኢ | Tertaraw Sbuh - Kalsi Ab Wetsae - TPLF Tigrigna Music by GiZE TIGRIGNA ENTERTAINMENT 3 months ago 3 minutes, 49 seconds 1,395 views",GiZE TIGRIGNA ENTERTAINMENT,1395,1412,17
302,"ብፃይነት | ሰራዊት ትግራይ by GiZE TIGRIGNA ENTERTAINMENT 3 months ago 11 minutes, 15 seconds 2,469 views",GiZE TIGRIGNA ENTERTAINMENT,2469,2476,7
303,"ስደደለይ ወረ | Tertaraw Sbuh - Sdedeley Were - Tigrigna Music by GiZE TIGRIGNA ENTERTAINMENT 5 months ago 4 minutes, 21 seconds 9,956 views",GiZE TIGRIGNA ENTERTAINMENT,9956,10254,298
304,"Abebe Araya ~ ሽደነይ ሓለፎም | Shideney Halefom - Tigrigna Music 2021 by GiZE TIGRIGNA ENTERTAINMENT 5 months ago 6 minutes, 46 seconds 4,708 views",GiZE TIGRIGNA ENTERTAINMENT,4708,4730,22
305,"ወሸን ኢልካዮም አንበሳ ሰራዊት | ካብ ዜማታት ተጋድሎ - Tigrigna Music by GiZE TIGRIGNA ENTERTAINMENT 6 months ago 4 minutes, 23 seconds 1,657 views",GiZE TIGRIGNA ENTERTAINMENT,1657,1669,12
306,"ውረሰኒ ተጋዳላይ - ኮለኔል ፀጋይ ትኩእ | Col. Tsegay Tkue - Wureseni Tegadalay - TPLF Tigrigna Music by GiZE TIGRIGNA ENTERTAINMENT 1 year ago 5 minutes, 51 seconds 61,657 views",GiZE TIGRIGNA ENTERTAINMENT,61657,61919,262
307,"በረኻ ዓደይ || Bereka Adey - ካብ ዜማታት ተጋድሎ - Tigrigna Music 2021 by GiZE TIGRIGNA ENTERTAINMENT 1 year ago 7 minutes, 45 seconds 16,502 views",GiZE TIGRIGNA ENTERTAINMENT,16502,16568,66
308,"ትግራይ ዓደይ ናተይ | ካብ ዜማታት ተጋድሎ - Tigray Adey Natey -Tigrigna Music 2021 by GiZE TIGRIGNA ENTERTAINMENT 1 year ago 5 minutes, 46 seconds 6,239 views",GiZE TIGRIGNA ENTERTAINMENT,6239,6268,29
309,"ዘይትሽፈን ሓቀኛ ቅያ | ካብ ዜማታት ተጋድሎ - Tigrigna Music by GiZE TIGRIGNA ENTERTAINMENT 1 year ago 4 minutes, 40 seconds 35,298 views",GiZE TIGRIGNA ENTERTAINMENT,35298,35392,94
310,"Abrhet Abdu - Gezana || ገዛና -  best Memorable Tigrigna Music by GiZE TIGRIGNA ENTERTAINMENT 1 year ago 5 minutes, 14 seconds 24,034 views",GiZE TIGRIGNA ENTERTAINMENT,24034,24379,345
311,"ዒፈየ | Awetash Mulugeta -  Efeye Teleakini Do - New Tigrigna Music by GiZE TIGRIGNA ENTERTAINMENT 1 year ago 3 minutes, 26 seconds 30,266 views",GiZE TIGRIGNA ENTERTAINMENT,30266,30498,232
312,"Tesfay Weldeyowhans - Abzkone Bota  || ተስፋይ ዋጣ  best Tigrigna music by GiZE TIGRIGNA ENTERTAINMENT 1 year ago 6 minutes, 37 seconds 24,243 views",GiZE TIGRIGNA ENTERTAINMENT,24243,24665,422
313,"Mizan Tesfay - Selel Beli || ሰለል በሊ - Tigrigna music 2020 by GiZE TIGRIGNA ENTERTAINMENT 1 year ago 6 minutes, 18 seconds 4,513 views",GiZE TIGRIGNA ENTERTAINMENT,4513,4558,45
314,"ፍሰሃ ገበል - ንሓርነት || Fisha Gebel - NHarnet - Tigrigna old TPLF Music by GiZE TIGRIGNA ENTERTAINMENT 1 year ago 3 minutes, 53 seconds 14,097 views",GiZE TIGRIGNA ENTERTAINMENT,14097,14232,135
315,"ትግራይ - ካብ ደርፍታት ቀደም || Tigray - TPLF old Tigrigna Music by GiZE TIGRIGNA ENTERTAINMENT 1 year ago 3 minutes, 36 seconds 5,189 views",GiZE TIGRIGNA ENTERTAINMENT,5189,5209,20
316,"ሓረስታይ 'ያ ኮይኑ ኢሎሙዋቶ ዝብኢ - Old Tplf Tigrigna Political Music 2020 by GiZE TIGRIGNA ENTERTAINMENT 1 year ago 4 minutes, 11 seconds 5,424 views",GiZE TIGRIGNA ENTERTAINMENT,5424,5424,0
317,"ሓርነት ዮውሃንስ ~ በይዛ ዓድና ንውደቐላ || Harnet Yewhans - Beyza Adna Nwdekela - Tigrigna TPLF Music by GiZE TIGRIGNA ENTERTAINMENT 1 year ago 4 minutes, 14 seconds 2,674 views",GiZE TIGRIGNA ENTERTAINMENT,2674,2683,9
318,"ተቖነንለይ || Hiluf Alemu ~ Tekonenley - best (Old) Tigrigna Music 2020 by GiZE TIGRIGNA ENTERTAINMENT 1 year ago 7 minutes, 38 seconds 175,643 views",GiZE TIGRIGNA ENTERTAINMENT,175643,182320,6677
319,"Mizan Tesfay ~ Zyada || ዝያዳ - Tigrigna Music by GiZE TIGRIGNA ENTERTAINMENT 1 year ago 6 minutes, 2 seconds 3,198 views",GiZE TIGRIGNA ENTERTAINMENT,3198,3221,23
320,"Tewelde Yemane ~ Alelikiyo do || ኣለሊኪዮ 'ዶ - Tigrigna Music by GiZE TIGRIGNA ENTERTAINMENT 1 year ago 7 minutes, 2 seconds 7,397 views",GiZE TIGRIGNA ENTERTAINMENT,7397,7429,32
321,"Awetash Mulugeta - ሓዱሽ ኣይኮነን ንዓና || Hadush Aykonen Nana - Tigrigna TPLF Music by GiZE TIGRIGNA ENTERTAINMENT 1 year ago 5 minutes, 46 seconds 31,776 views",GiZE TIGRIGNA ENTERTAINMENT,31776,32084,308
322,"Eyasu Berhe - ደምኩም 'ዩ ቃል ኪዳንና - Tplf Tigrigna Music by GiZE TIGRIGNA ENTERTAINMENT 1 year ago 10 minutes, 36 seconds 84,277 views",GiZE TIGRIGNA ENTERTAINMENT,84277,84582,305
323,"እንተሸፈንካያ ዘይትሽፈን - ካብ ዜማታት ተጋድሎ - Tigrigna Tplf Music by GiZE TIGRIGNA ENTERTAINMENT 1 year ago 5 minutes, 16 seconds 28,352 views",GiZE TIGRIGNA ENTERTAINMENT,28352,28389,37
324,"Yemane GebreMichael - Weyno || ወይኖ - Wedi Afro - Tigrigna Music by GiZE TIGRIGNA ENTERTAINMENT 1 year ago 6 minutes, 43 seconds 20,065 views",GiZE TIGRIGNA ENTERTAINMENT,20065,20126,61
325,"ያይኔ ኣባይ - በዓልቲ ማዕዶ || Yayne Abay - Bealti Maedo - Tigrigna Music by GiZE TIGRIGNA ENTERTAINMENT 1 year ago 6 minutes, 38 seconds 16,519 views",GiZE TIGRIGNA ENTERTAINMENT,16519,16556,37
326,"Habtom Gebremichael - Kem Kahtay || ከም ቃሕታይ - Tigrigna Music by GiZE TIGRIGNA ENTERTAINMENT 1 year ago 6 minutes, 56 seconds 25,903 views",GiZE TIGRIGNA ENTERTAINMENT,25903,25942,39
327,"ያይኔ ኣባይ - ኣሸሙንየ || Yayne Abay - Ashemunye - Tigrigna Music by GiZE TIGRIGNA ENTERTAINMENT 1 year ago 6 minutes, 57 seconds 61,853 views",GiZE TIGRIGNA ENTERTAINMENT,61853,61954,101
328,"ያይኔ ኣባይ - ዕሰልየ || Yayne Abay - Esel'ye - Best Traditional Tigrigna Music by GiZE TIGRIGNA ENTERTAINMENT 1 year ago 10 minutes, 50 seconds 13,005 views",GiZE TIGRIGNA ENTERTAINMENT,13005,13083,78
329,"Yayne Abay - Shim Sienelki || ሽም ስኢነልኪ - Tigrigna Music by GiZE TIGRIGNA ENTERTAINMENT 1 year ago 7 minutes, 21 seconds 36,874 views",GiZE TIGRIGNA ENTERTAINMENT,36874,36909,35
330,"ያይኔ ኣባይ - ነብሲ || Yayne Abay - Nebsi - Tigrigna Music by GiZE TIGRIGNA ENTERTAINMENT 1 year ago 6 minutes, 32 seconds 20,005 views",GiZE TIGRIGNA ENTERTAINMENT,20005,20051,46
331,"Birhane Haile - Msgana || ምስጋና - Tigrigna Music 2020 by GiZE TIGRIGNA ENTERTAINMENT 1 year ago 8 minutes, 9 seconds 32,412 views",GiZE TIGRIGNA ENTERTAINMENT,32412,32604,192
332,"ዓወት ቀሪባ || Awet Keriba - Tigrigna Tplf Old Music by GiZE TIGRIGNA ENTERTAINMENT 1 year ago 4 minutes, 8 seconds 11,431 views",GiZE TIGRIGNA ENTERTAINMENT,11431,11503,72
333,"Weldegebriel Tsegay - Atnie || ኣትኔ - Tigrigna Traditional Music by GiZE TIGRIGNA ENTERTAINMENT 1 year ago 5 minutes, 46 seconds 23,423 views",GiZE TIGRIGNA ENTERTAINMENT,23423,24267,844
334,"Nigsti Hayelom - Selam || ሰላም - Tigrigna Music by GiZE TIGRIGNA ENTERTAINMENT 1 year ago 7 minutes, 40 seconds 2,428 views",GiZE TIGRIGNA ENTERTAINMENT,2428,2459,31
335,"Esayas Arefayne - Gual Gezay || ጓል ገዛይ - Best Tigrigna Music by GiZE TIGRIGNA ENTERTAINMENT 1 year ago 6 minutes, 29 seconds 27,323 views",GiZE TIGRIGNA ENTERTAINMENT,27323,27384,61
336,"ጠርጣራው ስቡሕ - ዓዲ ጀጋኑ ዓደይ || Tertaraw Sbuh - Adi Jeganu Adey - Tigrigna Old Music by GiZE TIGRIGNA ENTERTAINMENT 1 year ago 4 minutes, 51 seconds 9,384 views",GiZE TIGRIGNA ENTERTAINMENT,9384,9459,75
337,"Abrehet Abdu ~ Tsewuley || ፀውዑለይ - Tigrigna Music 2020 by GiZE TIGRIGNA ENTERTAINMENT 1 year ago 5 minutes, 55 seconds 39,319 views",GiZE TIGRIGNA ENTERTAINMENT,39319,40764,1445
338,"Tirhas Tareke ~ Alemey || ዓለመይ - Tigrigna Music by GiZE TIGRIGNA ENTERTAINMENT 1 year ago 5 minutes, 46 seconds 28,692 views",GiZE TIGRIGNA ENTERTAINMENT,28692,28723,31
339,"Eyasu Berhe ~ Hadera || ሓደራ - Tigrigna Tplf Music by GiZE TIGRIGNA ENTERTAINMENT 1 year ago 6 minutes, 41 seconds 77,741 views",GiZE TIGRIGNA ENTERTAINMENT,77741,78177,436
340,"Sofia Atsbeha ~ Nsu Eyu Natey || ንሱ 'ዩ ናተይ - Tigrigna Music by GiZE TIGRIGNA ENTERTAINMENT 1 year ago 5 minutes, 58 seconds 31,442 views",GiZE TIGRIGNA ENTERTAINMENT,31442,31550,108
341,"Mizan Tesfay ~ Adeye || ዓደየ - Tigrigna Music by GiZE TIGRIGNA ENTERTAINMENT 1 year ago 5 minutes, 47 seconds 15,434 views",GiZE TIGRIGNA ENTERTAINMENT,15434,15492,58
342,"Gebru Fano - Kulu Kiele || ኩሉ ኺኢለ - Tigrigna Music by GiZE TIGRIGNA ENTERTAINMENT 1 year ago 6 minutes, 39 seconds 50,280 views",GiZE TIGRIGNA ENTERTAINMENT,50280,50366,86
343,"Eyasu Berhe ~ ይሓርስ ኣለኹ  || እያሱ በርሀ - ካብ ደርፍታት ቐደም - OLD Tigrigna Tplf Music by GiZE TIGRIGNA ENTERTAINMENT 1 year ago 5 minutes, 26 seconds 11,245 views",GiZE TIGRIGNA ENTERTAINMENT,11245,11356,111
344,"Abebe Araya ~ Nay Fikri Meaza || ናይ ፍቕሪ መኣዛ -  Tigrigna Music by GiZE TIGRIGNA ENTERTAINMENT 1 year ago 5 minutes, 17 seconds 25,584 views",GiZE TIGRIGNA ENTERTAINMENT,25584,25797,213
345,"ተጋዳላይ ኣበበ ኣርኣያ - ድምፂ ወያነ ትግራይ || Abebe Araya - Dimtsi Woyane Tigray Tigrigna Music by GiZE TIGRIGNA ENTERTAINMENT 1 year ago 4 minutes, 36 seconds 41,622 views",GiZE TIGRIGNA ENTERTAINMENT,41622,41783,161
346,"Abrhet Abdu ~ Emeneni || እመነኒ - Tigrigna Music by GiZE TIGRIGNA ENTERTAINMENT 1 year ago 5 minutes, 19 seconds 70,372 views",GiZE TIGRIGNA ENTERTAINMENT,70372,70719,347
347,"Weldegebrial Tsegay - Abey Ke Ada || ኣበይ ከ ዓዳ - Tigrigna Hot Guaila Music 2020 by GiZE TIGRIGNA ENTERTAINMENT 1 year ago 6 minutes, 38 seconds 39,478 views",GiZE TIGRIGNA ENTERTAINMENT,39478,42169,2691
348,"Sofya Atsbaha -  Sdet | ስደት - Tigrigna Music 2020 by GiZE TIGRIGNA ENTERTAINMENT 1 year ago 6 minutes, 7 seconds 9,878 views",GiZE TIGRIGNA ENTERTAINMENT,9878,9935,57
349,"Hiluf Alemu - Wursi Aleni || ውርሲ ኣለኒ - Tigrigna Music by GiZE TIGRIGNA ENTERTAINMENT 1 year ago 7 minutes, 6 seconds 17,296 views",GiZE TIGRIGNA ENTERTAINMENT,17296,17339,43
350,"Sofiya Atsbaha - Hberu || ሕበሩ - Tigrigna Music by GiZE TIGRIGNA ENTERTAINMENT 1 year ago 7 minutes, 4 seconds 17,358 views",GiZE TIGRIGNA ENTERTAINMENT,17358,17382,24
351,"Abrehet Abdu - Keyeresasuna || ከየረሳሱዑና - Tigrigna Music 2020 by GiZE TIGRIGNA ENTERTAINMENT 1 year ago 5 minutes, 4 seconds 85,257 views",GiZE TIGRIGNA ENTERTAINMENT,85257,86251,994
352,"Ataklti Hailemichael - Maleye | ምዓለየ | Tigrigna Music by GiZE TIGRIGNA ENTERTAINMENT 1 year ago 5 minutes, 43 seconds 65,364 views",GiZE TIGRIGNA ENTERTAINMENT,65364,66663,1299
353,"Eyasu Berhe ~ Guzm Bele [ ጉዝም በለ ] Tigrigna TPLF Music by GiZE TIGRIGNA ENTERTAINMENT 2 years ago 4 minutes, 44 seconds 54,476 views",GiZE TIGRIGNA ENTERTAINMENT,54476,54543,67
354,"Tewelde Yemane ~ Kizawin Eye [ ክዛውን 'የ ] Tigrigna Music by GiZE TIGRIGNA ENTERTAINMENT 2 years ago 7 minutes, 7 seconds 10,568 views",GiZE TIGRIGNA ENTERTAINMENT,10568,10639,71
355,"Birhane Haile || ቀጨውጨው ||  kechewchew  ~ best Tigrigna music 2019 by GiZE TIGRIGNA ENTERTAINMENT 2 years ago 6 minutes 111,090 views",GiZE TIGRIGNA ENTERTAINMENT,111090,113833,2743
356,"ሰሙነይ || Debesay Zegeye ~ Semuney ~ Tigrigna Music 2019 by GiZE TIGRIGNA ENTERTAINMENT 2 years ago 7 minutes, 25 seconds 86,071 views",GiZE TIGRIGNA ENTERTAINMENT,86071,88150,2079
357,"ሕዘኒ ሕዘንለይ || Tewelde Yemane ~ Hizeni Hzenley ~ Tigrigna Music 2019 by GiZE TIGRIGNA ENTERTAINMENT 2 years ago 6 minutes, 35 seconds 10,302 views",GiZE TIGRIGNA ENTERTAINMENT,10302,10329,27
358,"ፍቕሪ ዳኣ ዋና || Tewelde Yemane ~ Fqri DeA Wana - Tigrigna Music 2019 by GiZE TIGRIGNA ENTERTAINMENT 3 years ago 7 minutes, 25 seconds 105,365 views",GiZE TIGRIGNA ENTERTAINMENT,105365,105802,437
359,"እያሱ በርሀ ~ ሚዘር ኣላ'ኾ || Eyasu Berhe ~ Mizer Ala'ko ~ Tigrigna Music by GiZE TIGRIGNA ENTERTAINMENT 3 years ago 8 minutes, 24 seconds 61,683 views",GiZE TIGRIGNA ENTERTAINMENT,61683,63002,1319
360,"Hiluf Alemu ~ Adey Marey [ ኣደይ ማዓረይ ] best(old) Tigrigna Music 2019 by GiZE TIGRIGNA ENTERTAINMENT 3 years ago 6 minutes, 39 seconds 415,921 views",GiZE TIGRIGNA ENTERTAINMENT,415921,416872,951
361,"እያሱ በርሀ ~ ከላዕሎ ተጋድሎ  ||  Eyasu Berhe ~ KelaElo tegadilo ~ Tigrigna Music 2019 by GiZE TIGRIGNA ENTERTAINMENT 3 years ago 10 minutes, 38 seconds 909,247 views",GiZE TIGRIGNA ENTERTAINMENT,909247,917165,7918
362,"ትርሓስ ታረቀ ~ ኦሮማይ || Tirhas Tareke ~ Oromay Tigrigna Music 2019 by GiZE TIGRIGNA ENTERTAINMENT 3 years ago 6 minutes, 52 seconds 153,682 views",GiZE TIGRIGNA ENTERTAINMENT,153682,153911,229
363,"Birhane Haile ~ Ane Nbeyney || ኣነ ንበይነይ - Best New Tigrigna Music 2018 by GiZE TIGRIGNA ENTERTAINMENT 3 years ago 7 minutes, 4 seconds 177,194 views",GiZE TIGRIGNA ENTERTAINMENT,177194,179531,2337
364,"ብርሃነ ሃይለ ~ ኣዳልዩኒ ኣሰራ || Birhane Haile ~ Adalyuni Asera - Best Tigrigna Music 2018 by GiZE TIGRIGNA ENTERTAINMENT 3 years ago 9 minutes, 41 seconds 167,353 views",GiZE TIGRIGNA ENTERTAINMENT,167353,168269,916
365,"ኣበበ ኣርኣያ ~ ተዘኪሩኒ || Abebe Araya ~ Tezekiruni - Best Memorical Tigrigna new music 2018 by GiZE TIGRIGNA ENTERTAINMENT 3 years ago 6 minutes, 35 seconds 18,852 views",GiZE TIGRIGNA ENTERTAINMENT,18852,18890,38
366,"ኣበበ ኣርኣያ ~ ሰናይ ብሩህ ተስፋ - Abebe Araya ~ Senay Biruh Tesfa - Best Tigrigna Music by GiZE TIGRIGNA ENTERTAINMENT 3 years ago 5 minutes, 10 seconds 15,899 views",GiZE TIGRIGNA ENTERTAINMENT,15899,15923,24
367,"Abebe Araya ~ Nabaki Eyu kelbey [ ናባኺ እዩ ቀልበይ ] Best Tigrigna Music by GiZE TIGRIGNA ENTERTAINMENT 3 years ago 6 minutes, 26 seconds 28,805 views",GiZE TIGRIGNA ENTERTAINMENT,28805,29030,225
368,"ንግስቲ ሓየሎም ~ ሰናይ || Nigisti Hayelom ~ Senay - Tigrigna Music by GiZE TIGRIGNA ENTERTAINMENT 3 years ago 6 minutes, 21 seconds 26,960 views",GiZE TIGRIGNA ENTERTAINMENT,26960,27191,231
369,"ንግስቲ ሓየሎም ~  ጉማየ || Nigisti Hayelom ~ Gumaye Raya ~ Best tigrigna Music by GiZE TIGRIGNA ENTERTAINMENT 3 years ago 6 minutes, 58 seconds 59,391 views",GiZE TIGRIGNA ENTERTAINMENT,59391,59656,265
370,"ንግስቲ ሓየሎም -  ምጻእ ንገዛይ || Nigisti Hayelom -  MitsaE Nigezay -  Best Tigrigna Music 2018 by GiZE TIGRIGNA ENTERTAINMENT 3 years ago 4 minutes, 52 seconds 49,163 views",GiZE TIGRIGNA ENTERTAINMENT,49163,49530,367
371,"ንግስቲ ሓየሎም - እዚኦምየ ተጋሩ 'ዮምየ || Nigisti Hayelom - Eziomye Tegaru Eyomye  -  Best Tigrigna Musics by GiZE TIGRIGNA ENTERTAINMENT 3 years ago 5 minutes, 52 seconds 25,090 views",GiZE TIGRIGNA ENTERTAINMENT,25090,25333,243
372,"ንግስቲ ሓየሎም - ዓይኒ ብርከይ - Nigisti Hayelom - Ayni birkey - Best Tigrigna Music by GiZE TIGRIGNA ENTERTAINMENT 3 years ago 5 minutes, 48 seconds 15,013 views",GiZE TIGRIGNA ENTERTAINMENT,15013,15077,64
373,"ኣበበ ኣርኣያ - ሙልየነይ || Abebe Araya - Muleney - best Tigrigna Music by GiZE TIGRIGNA ENTERTAINMENT 3 years ago 7 minutes, 45 seconds 12,215 views",GiZE TIGRIGNA ENTERTAINMENT,12215,12263,48
374,"ኣበበ ኣርኣያ - ከላዕሎ ጀግና || Abebe Araya - KelAlo Jegna -  best Tigrigna Music by GiZE TIGRIGNA ENTERTAINMENT 3 years ago 5 minutes, 48 seconds 12,967 views",GiZE TIGRIGNA ENTERTAINMENT,12967,13051,84
375,"ኣበበ ኣርኣያ -  Iroma ኩናማ || Abebe Araya  -  Iroma  - best Kunama Music by GiZE TIGRIGNA ENTERTAINMENT 3 years ago 4 minutes, 19 seconds 2,218 views",GiZE TIGRIGNA ENTERTAINMENT,2218,2223,5
376,"ኣበበ ኣርኣያ -  ገዲዱኒ || Abebe Araya - Gediduni - best Tigrigna Music by GiZE TIGRIGNA ENTERTAINMENT 3 years ago 6 minutes, 46 seconds 4,684 views",GiZE TIGRIGNA ENTERTAINMENT,4684,4689,5
377,"ኣበበ ኣርኣያ -  ፍቅረይ ሓፁረይ ||  Abebe Araya -  Fikrey Hatsurey -  best Tigrigna Music by GiZE TIGRIGNA ENTERTAINMENT 3 years ago 5 minutes, 46 seconds 11,157 views",GiZE TIGRIGNA ENTERTAINMENT,11157,11187,30
378,"ኣበበ ኣርኣያ  - ኣትክል ስድራኻ ||  Abebe Araya - Atikl Sidraka -  best igrigna Music by GiZE TIGRIGNA ENTERTAINMENT 3 years ago 6 minutes, 1 second 5,116 views",GiZE TIGRIGNA ENTERTAINMENT,5116,5126,10
379,"ኣበበ ኣርኣያ - ዓደይ ወለላ || Abebe Araya - Adey Welela - best tigrigna Music by GiZE TIGRIGNA ENTERTAINMENT 3 years ago 6 minutes, 13 seconds 5,589 views",GiZE TIGRIGNA ENTERTAINMENT,5589,5592,3
380,"ኣበበ ኣርኣያ - ኣፍቒረ ||  Abebe Araya - Afkire - best tigrigna Music by GiZE TIGRIGNA ENTERTAINMENT 3 years ago 6 minutes, 13 seconds 6,330 views",GiZE TIGRIGNA ENTERTAINMENT,6330,6417,87
381,"ኣበበ ኣርኣያ - ኣስቴር || Abebe Araya - Aster - best tigrigna Music by GiZE TIGRIGNA ENTERTAINMENT 3 years ago 6 minutes, 36 seconds 13,761 views",GiZE TIGRIGNA ENTERTAINMENT,13761,13821,60
382,"ስለ ራያ መንነት ብዓበይቲ ዓዲ እንትግለፅ by GiZE TIGRIGNA ENTERTAINMENT 3 years ago 7 minutes, 7 seconds 2,769 views",GiZE TIGRIGNA ENTERTAINMENT,2769,2773,4
383,"ካብ ከብቢ ዳሞ ዝተረከበ ትግርኛ ጓይላ Tigrigna guala by GiZE TIGRIGNA ENTERTAINMENT 3 years ago 7 minutes, 8 seconds 3,553 views",GiZE TIGRIGNA ENTERTAINMENT,3553,3554,1
384,"Mulugeta Kahsay ( Wedi Romit ) ~ Kembwaza [ ከምብዋዛ ] Tigrigna Music by GiZE TIGRIGNA ENTERTAINMENT 3 years ago 4 minutes, 34 seconds 1,067 views",GiZE TIGRIGNA ENTERTAINMENT,1067,1082,15
385,"Mulugeta Kahsay ( Wedi romit ) ~ instrument ~ Tigrigna Music by GiZE TIGRIGNA ENTERTAINMENT 3 years ago 3 minutes, 45 seconds 1,742 views",GiZE TIGRIGNA ENTERTAINMENT,1742,1752,10
386,"Mulugeta Kahsay ( Wedi romit ) ~ Gena [ ገና ] Tigrigna Music by GiZE TIGRIGNA ENTERTAINMENT 3 years ago 6 minutes, 19 seconds 5,322 views",GiZE TIGRIGNA ENTERTAINMENT,5322,5373,51
387,"Mulugeta Kahsay ( Wedi romit ) ~ Gumaye [ ጉማየ ] Tigrigna Music by GiZE TIGRIGNA ENTERTAINMENT 3 years ago 6 minutes, 7 seconds 8,216 views",GiZE TIGRIGNA ENTERTAINMENT,8216,8714,498
388,"Mulugeta Kahsay ( Wedi romit ) ~ Amoray [ ኣሞራይ ] Tigrigna Music by GiZE TIGRIGNA ENTERTAINMENT 3 years ago 6 minutes, 5 seconds 7,823 views",GiZE TIGRIGNA ENTERTAINMENT,7823,7939,116
389,"Mulugeta Kahsay ( Wedi romit ) ~ Alesha [ ኣለሻ ]  Best Tigrigna Music by GiZE TIGRIGNA ENTERTAINMENT 3 years ago 5 minutes, 20 seconds 1,515 views",GiZE TIGRIGNA ENTERTAINMENT,1515,1528,13
390,"Mulugeta Kahsay ( Wedi romit ) ~ Alem [ ዓለም ] Best Tigrigna Music by GiZE TIGRIGNA ENTERTAINMENT 3 years ago 5 minutes, 38 seconds 4,737 views",GiZE TIGRIGNA ENTERTAINMENT,4737,4761,24
391,"Mulugeta Kahsay ( Wedi romit ) ~  Aytzuri [ ኣይትዙሪ ]  Tigrigna Music by GiZE TIGRIGNA ENTERTAINMENT 3 years ago 6 minutes, 9 seconds 1,459 views",GiZE TIGRIGNA ENTERTAINMENT,1459,1483,24
392,"መስቀል ኣብ ዓድግራት meskel in Adigrat ድሮ መስቅል by GiZE TIGRIGNA ENTERTAINMENT 3 years ago 10 minutes, 35 seconds 2,773 views",GiZE TIGRIGNA ENTERTAINMENT,2773,2776,3
393,"ሚዛን ተስፋይ ~ መስቀል ኣብ ዓዲግራት mizan tesfay on Adigrat Meskel by GiZE TIGRIGNA ENTERTAINMENT 3 years ago 4 minutes, 32 seconds 1,037 views",GiZE TIGRIGNA ENTERTAINMENT,1037,1040,3
394,"ኣታክልቲ ሃይለሚካኤል ~ ደሞነይ ደሞነይ || Ataklti Hailemichael ~ Demoney demoney   Best Tigrigna Music by GiZE TIGRIGNA ENTERTAINMENT 3 years ago 7 minutes, 45 seconds 29,854 views",GiZE TIGRIGNA ENTERTAINMENT,29854,30519,665
395,"ኣታክልቲ ሃይለሚካኤል ~ ወስ || Ataklti Hailemichael ~ Wes ~ Best Tigrigna Music by GiZE TIGRIGNA ENTERTAINMENT 3 years ago 7 minutes, 46 seconds 174,092 views",GiZE TIGRIGNA ENTERTAINMENT,174092,176260,2168
396,"ኣታክልቲ ሃይለሚካኤል ~ ከም መንደርኒ  || Ataklti Hailemichael ~ kem menderini   Best Tigrigna Music by GiZE TIGRIGNA ENTERTAINMENT 3 years ago 6 minutes, 51 seconds 214,940 views",GiZE TIGRIGNA ENTERTAINMENT,214940,216544,1604
397,"ኣታክልቲ ሃይለሚካኤል ~ ኣውርስ || Ataklti Hailemichael ~ Awiris   Best Tigrigna Music by GiZE TIGRIGNA ENTERTAINMENT 3 years ago 5 minutes, 3 seconds 3,638 views",GiZE TIGRIGNA ENTERTAINMENT,3638,3650,12
398,"ኣታክልቲ ሃይለሚካኤል ~ ኣነ ምሳኺ ወለል ~ Ataklti Hailemichael ~ Ane misaki welel    Best Tigrigna Music by GiZE TIGRIGNA ENTERTAINMENT 3 years ago 7 minutes, 14 seconds 80,552 views",GiZE TIGRIGNA ENTERTAINMENT,80552,81482,930
399,"ኣታክልቲ ሃይለሚካኤል ~ ንእስነት ||  Ataklti Hailemichael ~ NiEsinet   Best Tigrigna Music by GiZE TIGRIGNA ENTERTAINMENT 3 years ago 8 minutes, 1 second 205,931 views",GiZE TIGRIGNA ENTERTAINMENT,205931,207443,1512
400,"ኣታክልቲ ሃይለሚካኤል ~ ብረር ብረር ከዓ በለኒ || Ataklti michael ~ Brer brer kea beleni   Best Tigrigna Music by GiZE TIGRIGNA ENTERTAINMENT 3 years ago 7 minutes, 17 seconds 66,558 views",GiZE TIGRIGNA ENTERTAINMENT,66558,67847,1289
401,"ኣታክልቲ ሃይለሚካኤል ~ ቆልዓ ትግራይ || Ataklti Hailemichael ~ Kolau Tigray   Best Tigrigna Music by GiZE TIGRIGNA ENTERTAINMENT 3 years ago 5 minutes, 49 seconds 9,322 views",GiZE TIGRIGNA ENTERTAINMENT,9322,9387,65
402,"ኣታክልቲ ሃይለሚካኤል ~ ርሑስ ጋማ || Ataklti Hailemichael ~ Rhus Gama   Best Tigrigna Music by GiZE TIGRIGNA ENTERTAINMENT 3 years ago 8 minutes, 6 seconds 27,168 views",GiZE TIGRIGNA ENTERTAINMENT,27168,27345,177
403,"ኣታክልቲ ሃይለሚካኤል ~ ሰሙን ሓዘን || Ataklti Hailemichael ~ Semun hazen   Best Tigrigna Music by GiZE TIGRIGNA ENTERTAINMENT 3 years ago 7 minutes, 49 seconds 103,588 views",GiZE TIGRIGNA ENTERTAINMENT,103588,104683,1095
404,"ኣታክልቲ ሃይለሚካኤል ~ ሃሎ በልኒ ~ Ataklti Hailemichael ~ Halo belni    Best Tigrigna Music by GiZE TIGRIGNA ENTERTAINMENT 3 years ago 7 minutes, 59 seconds 199,579 views",GiZE TIGRIGNA ENTERTAINMENT,199579,201727,2148
405,"ኣታክልቲ ሃይለሚካኤል ~ መን ዩ ሞ መን ~ Ataklti michael ~ Men u mo men    Best Tigrigna Music by GiZE TIGRIGNA ENTERTAINMENT 3 years ago 7 minutes, 17 seconds 370,464 views",GiZE TIGRIGNA ENTERTAINMENT,370464,373794,3330
406,"Abrhet Abdu ~Nmntay [ንምንታይ] Tigrigna Music by GiZE TIGRIGNA ENTERTAINMENT 3 years ago 6 minutes, 40 seconds 13,044 views",GiZE TIGRIGNA ENTERTAINMENT,13044,13221,177
407,"Abrhet Abdu ~ Tesfaleni [ተስፋ'ለኒ] Tigrigna Music by GiZE TIGRIGNA ENTERTAINMENT 3 years ago 6 minutes, 16 seconds 26,776 views",GiZE TIGRIGNA ENTERTAINMENT,26776,27096,320
408,"Abrhet Abdu ~ Tegayishe [ተጋይሸ] Tigrigna Music by GiZE TIGRIGNA ENTERTAINMENT 3 years ago 6 minutes, 8 seconds 161,737 views",GiZE TIGRIGNA ENTERTAINMENT,161737,163235,1498
409,"Abrhet Abdu ~ Paqumen Hatsar [ጳግሜን ሓፃር] Tigrigna Music by GiZE TIGRIGNA ENTERTAINMENT 3 years ago 7 minutes, 31 seconds 2,676 views",GiZE TIGRIGNA ENTERTAINMENT,2676,2738,62
410,"Abrhet Abdu ~ Nabra Sidet [ናብራ ስደት] Tigrigna Music by GiZE TIGRIGNA ENTERTAINMENT 3 years ago 5 minutes, 16 seconds 38,887 views",GiZE TIGRIGNA ENTERTAINMENT,38887,39470,583
411,"Abrhet Abdu ~ Misaka [ምሳኻ] Tigrigna Music by GiZE TIGRIGNA ENTERTAINMENT 3 years ago 6 minutes, 57 seconds 46,866 views",GiZE TIGRIGNA ENTERTAINMENT,46866,47208,342
412,"Abrhet Abdu ~ Mekseb [መኽሰብ] Tigrigna Music by GiZE TIGRIGNA ENTERTAINMENT 3 years ago 6 minutes, 58 seconds 28,047 views",GiZE TIGRIGNA ENTERTAINMENT,28047,28220,173
413,"Abrhet Abdu ~ Libey KeAlo [ልበይ ከኣሎ] Tigrigna Music by GiZE TIGRIGNA ENTERTAINMENT 3 years ago 5 minutes, 15 seconds 31,426 views",GiZE TIGRIGNA ENTERTAINMENT,31426,31761,335
414,"Abrhet Abdu ~ Hadeyu wana [ሓደ እዩ ዋና] Tigrigna Music by GiZE TIGRIGNA ENTERTAINMENT 3 years ago 7 minutes, 12 seconds 75,506 views",GiZE TIGRIGNA ENTERTAINMENT,75506,77033,1527
415,"Abrhet Abdu ~ Halawi wesen [ሓላዊ ወሰን] Tigrigna Music by GiZE TIGRIGNA ENTERTAINMENT 3 years ago 6 minutes, 46 seconds 28,587 views",GiZE TIGRIGNA ENTERTAINMENT,28587,28773,186
416,"Abrhet Abdu ~ Gena Gena [ገና ገና] Tigrigna Music by GiZE TIGRIGNA ENTERTAINMENT 3 years ago 6 minutes, 30 seconds 193,309 views",GiZE TIGRIGNA ENTERTAINMENT,193309,195299,1990
417,"Abrhet Abdu ~ Fikirna [ፍቕርና] Tigrigna Music by GiZE TIGRIGNA ENTERTAINMENT 3 years ago 6 minutes, 27 seconds 31,615 views",GiZE TIGRIGNA ENTERTAINMENT,31615,32065,450
418,"Abrhet Abdu ~ Chaw Belo [ቻው በሎ] Tigrigna Music by GiZE TIGRIGNA ENTERTAINMENT 3 years ago 6 minutes, 39 seconds 104,885 views",GiZE TIGRIGNA ENTERTAINMENT,104885,106154,1269
419,"Eyasu Berhe ~ Sheraro [ሸራሮ]  Tigrigna Music by GiZE TIGRIGNA ENTERTAINMENT 3 years ago 3 minutes, 59 seconds 37,433 views",GiZE TIGRIGNA ENTERTAINMENT,37433,38068,635
